255319227
255318723
255318339
255318132
255317839
255317695
255316517
255316267
255316203
255316014
255315815
255315806
255315723
255315716
255315704
255314707
255314475
255314306
255314289
255314071
255313885
255313475
255313149
255313091
255312713
255311701
255310722
255310373
255310297
255310144
255309799
255309759
255309747
255309572
255309411
255308999
255308569
255308142
255306424
255306207
255306154
255305915
255305666
255305306
255305178
255303773
255303593
255303017
255303015
255302997
255302985
255302976
255302973
255302954
255302953
255302930
255302914
255302900
255302897
255302893
255302892
255302890
255302888
255302872
255302843
255302837
255302831
255302830
255302828
255302826
255302822
255302788
255302783
255302776
255302766
255302756
255302742
255302741
255302737
255302732
255302728
255302707
255302701
255302700
255302687
255302659
255302644
255302634
255302620
255301887
255300363
255299921
255299874
255299691
255299356
255298967
255298921
255298402
255297959
255297612
255297267
255296850
255296584
255296481
255296365
255295924
255295863
255293342
255292254
255291976
255290754
255290498
255289429
255289193
255288003
255287740
255287440
255287210
255287161
255286570
255284872
255284349
255283490
255283374
255283364
255283054
255281151
255281136
255279655
255279641
255279468
255279463
255278400
255278329
255277908
255277360
255275527
255275372
255273660
255272851
255272484
255271483
255271166
255271126
255270851
255270612
255270127
255270047
255269394
255267341
255266306
255264740
255264717
255264709
255264706
255264423
255264155
255264151
255264129
255264128
255264127
255264087
255264079
255263985
255263975
255263968
255263955
255263950
255263946
255262917
255262867
255262846
255262826
255262788
255262670
255262598
255262567
255261942
255261644
255261457
255261431
255261390
255261380
255261324
255261264
255261256
255261189
255261179
255261138
255261037
255261026
255260862
255260801
255260737
255260634
255260596
255260460
255260200
255260110
255259977
255259744
255259730
255259635
255259517
255259484
255259382
255259347
255259260
255259237
255259165
255259003
255258821
255258799
255258782
255258751
255258546
255258206
255258173
255258138
255258065
255258029
255258025
255257998
255257919
255257891
255257809
255257805
255257786
255257647
255257645
255257503
255257481
255257433
255257193
255257086
255257001
255256851
255256834
255256818
255256792
255256590
255256544
255256442
255256380
255256016
255255856
255255651
255255634
255255462
255255396
255255233
255255102
255254934
255254787
255254616
255254565
255254428
255254403
255254331
255253923
255253869
255253796
255253746
255253721
255253609
255253541
255253451
255253344
255253342
255253250
255253172
255253061
255252984
255252774
255252751
255252578
255252335
255252186
255252095
255252053
255252050
255251966
255251958
255251678
255251645
255251610
255251468
255251433
255251303
255251228
255251153
255250845
255250763
255250756
255250750
255250742
255250717
255250675
255250597
255250588
255250540
255250372
255250317
255250228
255250144
255250121
255250106
255250030
255250027
255249908
255249877
255249732
255249708
255249651
255249646
255249492
255249395
255249252
255249110
255248966
255248954
255248896
255248533
255248520
255248419
255248293
255248259
255248257
255248169
255248134
255247887
255247849
255247843
255247801
255247690
255247626
255247602
255247436
255247172
255247134
255247066
255247058
255247046
255246978
255246949
255246809
255246482
255246413
255246330
255246187
255246154
255246133
255245965
255245917
255245881
255245540
255245364
255245347
255245314
255245296
255245286
255245233
255245055
255244946
255244868
255244784
255244511
255244304
255243787
255243595
255243056
255242114
255241973
255240837
255240651
255240103
255235488
255234776
255233516
255233255
255233244
255232488
255232108
255231716
255230704
255230559
255230352
255228143
255226687
255226679
255226676
255226672
255226668
255226666
255226656
255226653
255226650
255226635
255226626
255226625
255226241
255226238
255226231
255226230
255226223
255226221
255226191
255226173
255226162
255226160
255226154
255226141
255226119
255226103
255226099
255226096
255226080
255226062
255226040
255226036
255226027
255226016
255226011
255226004
255226001
255225996
255225993
255225989
255225987
255225983
255225979
255225975
255225970
255225949
255225944
255225937
255225915
255225914
255225908
255225902
255225901
255225894
255225893
255225892
255225891
255224771
255223953
255223659
255223281
255223236
255223150
255222922
255222739
255222689
255222662
255222252
255222186
255222081
255221707
255221704
255221601
255221348
255221282
255220925
255220864
255220488
255220393
255220141
255219809
255219807
255219805
255219646
255219544
255219539
255219397
255219377
255219211
255219093
255218890
255218520
255218435
255218382
255218296
255218250
255218124
255218056
255218021
255217746
255217565
255217434
255217371
255217361
255217281
255217061
255216953
255216884
255216854
255216849
255216678
255216539
255216372
255216302
255216286
255216139
255216135
255215879
255215866
255215713
255215674
255215650
255215568
255215554
255215410
255215343
255215285
255215253
255215215
255215135
255215097
255215027
255215012
255215003
255214622
255214487
255213945
255213632
255213610
255213576
255213530
255213232
255213219
255213213
255213190
255213005
255212999
255212994
255212900
255212819
255212454
255212250
255212157
255212030
255211512
255211394
255211149
255210984
255210942
255210823
255210726
255210524
255210423
255210269
255210186
255210141
255210122
255210058
255209472
255209389
255209293
255209095
255208709
255208669
255208602
255208561
255208440
255208405
255208352
255207659
255206733
255206361
255206061
255205921
255205712
255205300
255202523
255202432
255199878
255199606
255196370
255196071
255194717
255193400
255188902
255187335
255187333
255187332
255187323
255187307
255187302
255187301
255187300
255187297
255187286
255187285
255187274
255187271
255187270
255187269
255187268
255187264
255187262
255187255
255187252
255187244
255187236
255187218
255187215
255187057
255186987
255186772
255186628
255186627
255186626
255186622
255186621
255186619
255186618
255186616
255186615
255186574
255186568
255186557
255186435
255186419
255186331
255186265
255186257
255186254
255186253
255186252
255186235
255186202
255186167
255186152
255186070
255186047
255186034
255185982
255185977
255185915
255185887
255185870
255185866
255185530
255185475
255185447
255185443
255185440
255185427
255185417
255185371
255185351
255185345
255185343
255185322
255185301
255185275
255185236
255185232
255185227
255185216
255185186
255185181
255180429
255180006
255175006
255173696
255171844
255171802
255171736
255170508
255169782
255168953
255168884
255168372
255168279
255167605
255167187
255166986
255166218
255165448
255164240
255164223
255163857
255163818
255163716
255163525
255163487
255163045
255163010
255162902
255162582
255161983
255160836
255160634
255160399
255153615
255152152
255152143
255152123
255152122
255152112
255152095
255152089
255152080
255152056
255152020
255152014
255151988
255151946
255151941
255151940
255151907
255151882
255151857
255151853
255151849
255151846
255151844
255151834
255151829
255151826
255151824
255151821
255151819
255151818
255151804
255151788
255151779
255151764
255151760
255151758
255151737
255151724
255151621
255151516
255151281
255151254
255151251
255151245
255151244
255149695
255147105
255141352
255140089
255138305
255137111
255135727
255135673
255135663
255135478
255134342
255134126
255134116
255133828
255132585
255132362
255131914
255131619
255130921
255130796
255129400
255129334
255128996
255128977
255128100
255127167
255127141
255125973
255125854
255125777
255125624
255125623
255125620
255125619
255125617
255125616
255125615
255125614
255125613
255125612
255125611
255125610
255125609
255125608
255125607
255125605
255125602
255125601
255125600
255125597
255125524
255125502
255125492
255125423
255125397
255125350
255125349
255125345
255125313
255125290
255125271
255125269
255125260
255125200
255125183
255125172
255125089
255125087
255125085
255125084
255125083
255125067
255125064
255125006
255124917
255124916
255124915
255124836
255123728
255122805
255122334
255122046
255121844
255121311
255120257
255119189
255118867
255118577
255118341
255118272
255118204
255116846
255116437
255116154
255115688
255115546
255115192
255113232
255112945
255112581
255112285
255111916
255111127
255110571
255110569
255109919
255107715
255106525
255105683
255105373
255104208
255104061
255102692
255102559
255102421
255101086
255101070
255101069
255101047
255100663
255100523
255100221
255099999
255099744
255099357
255098405
255098354
255097084
255097082
255097080
255097075
255096756
255096754
255096753
255096752
255096751
255096750
255096749
255096746
255096745
255096744
255096743
255096742
255096741
255096736
255096702
255096693
255096690
255096669
255096633
255096591
255096576
255096560
255096508
255096500
255096492
255096484
255096474
255096473
255096472
255096471
255096469
255096385
255096365
255096340
255096293
255096252
255096216
255096215
255096214
255096211
255096210
255096208
255096207
255096010
255093575
255092552
255092401
255092306
255091614
255090423
255090392
255090384
255089572
255089331
255089297
255088450
255088198
255087882
255087642
255087439
255086800
255085189
255084474
255084324
255083582
255083162
255082279
255081886
255081403
255081169
255080571
255079829
255078710
255077890
255077829
255077284
255076168
255075983
255075695
255074856
255074699
255074143
255073359
255072701
255072335
255072106
255072094
255072039
255071912
255071498
255071295
255070924
255070868
255070716
255070423
255070384
255069773
255069680
255069359
255069075
255068683
255068530
255068441
255068389
255068174
255068167
255068158
255068105
255067857
255067446
255067340
255067150
255067131
255067064
255067017
255066988
255066984
255066969
255066922
255066826
255066769
255066725
255066722
255066542
255066525
255066055
255066025
255065990
255065552
255065538
255065486
255065387
255065380
255065229
255065165
255065157
255065094
255065068
255064717
255064587
255064497
255064495
255064484
255064231
255064177
255064155
255064151
255064091
255063942
255063940
255063838
255063695
255063648
255063629
255063603
255063585
255063561
255063554
255062954
255062909
255062599
255062554
255062542
255062455
255062278
255062234
255062222
255062128
255061987
255061833
255061679
255061677
255061172
255061033
255060879
255060810
255060736
255060720
255060697
255060644
255060423
255060085
255060082
255060081
255060080
255060079
255060077
255060076
255060075
255060074
255060072
255060071
255060069
255060066
255060065
255060064
255060060
255060059
255060057
255060055
255060054
255060049
255060048
255060046
255060044
255060039
255060038
255060032
255060031
255060028
255060027
255060025
255060022
255060021
255060018
255060013
255060012
255060007
255060005
255060002
255060001
255060000
255059999
255059996
255059995
255059994
255059993
255059992
255059990
255059987
255059985
255059978
255059975
255059971
255059969
255059968
255059965
255059962
255059961
255059960
255059958
255059957
255059952
255059951
255059950
255059948
255059947
255059944
255059942
255059935
255059932
255059930
255059926
255059924
255059921
255059910
255059904
255059899
255059898
255059897
255059893
255059891
255059890
255059889
255059886
255059885
255059883
255059881
255059880
255059879
255059878
255059875
255059874
255059873
255059872
255059871
255059870
255059869
255059867
255059865
255059863
255059862
255059859
255059858
255059857
255059856
255059849
255059848
255059844
255059839
255059836
255059835
255059832
255059829
255059828
255059826
255059825
255059823
255059819
255059815
255059814
255059813
255059811
255059808
255059807
255059805
255059804
255059799
255059794
255059792
255059791
255059788
255059786
255059781
255059779
255059775
255059773
255059771
255059770
255059768
255059767
255059766
255059765
255059764
255059763
255059762
255059755
255059754
255059753
255059752
255059748
255059747
255059746
255059744
255059743
255059742
255059741
255059740
255059739
255059738
255059736
255059733
255059728
255059726
255059725
255059724
255059722
255059717
255059716
255059714
255059712
255059709
255059708
255059707
255057324
255057194
255057130
255057080
255057071
255057064
255057044
255057010
255057003
255056976
255056966
255056950
255056948
255056940
255056803
255056694
255056652
255056593
255056575
255056527
255056448
255056438
255056376
255056352
255056310
255056090
255056011
255055998
255055961
255055948
255055937
255055913
255055865
255055861
255055829
255055723
255055720
255055702
255055545
255055383
255055327
255055176
255055143
255055042
255054980
255054899
255054875
255054828
255054729
255054720
255054659
255054635
255054557
255054514
255054511
255054495
255054453
255054415
255054376
255054374
255054338
255054328
255054296
255054272
255054222
255054214
255054185
255054083
255053995
255053990
255053985
255053970
255053929
255053892
255053729
255053713
255053687
255053635
255053494
255053349
255053227
255053217
255053178
255053082
255053012
255053008
255052996
255052891
255052839
255052788
255052775
255052678
255052650
255052610
255052606
255052600
255052578
255052537
255052422
255052254
255052221
255051971
255051965
255051932
255051590
255051518
255051400
255051316
255051272
255051171
255051137
255051080
255050916
255050849
255050792
255050750
255050699
255050625
255050545
255050466
255050456
255050446
255050385
255050300
255050268
255050127
255050124
255050121
255050087
255050062
255049805
255049797
255049783
255049691
255049573
255049504
255049215
255049205
255048843
255048837
255048705
255048675
255048393
255048356
255048171
255048111
255048097
255048056
255047831
255047622
255047587
255047576
255047545
255047532
255047517
255047452
255047418
255047301
255047300
255047223
255047212
255047195
255047046
255046989
255046929
255046858
255046757
255046474
255046449
255046385
255046288
255046116
255045757
255045751
255045748
255045469
255045457
255045438
255045346
255045302
255045189
255045027
255044994
255044698
255044678
255044670
255044589
255044575
255044474
255044228
255044093
255043860
255043746
255043545
255043489
255043425
255043418
255043404
255043353
255043250
255043013
255043005
255042966
255042907
255042878
255042803
255042656
255042622
255042568
255042550
255042523
255042490
255042454
255042441
255042399
255042383
255042378
255042345
255042217
255042154
255042143
255042087
255042071
255042042
255041994
255041915
255041854
255041812
255041520
255041404
255041343
255041313
255041132
255041071
255041014
255040997
255040995
255040904
255040881
255040594
255040528
255040505
255040488
255040479
255040352
255040279
255040239
255040232
255040212
255039979
255039957
255039853
255039834
255039715
255039524
255039410
255039381
255039376
255039359
255039240
255039152
255039117
255039049
255039025
255039008
255038905
255038583
255038510
255038341
255038158
255037644
255037611
255037550
255037527
255037497
255037427
255037404
255037223
255037202
255037160
255037104
255036989
255036812
255036765
255036673
255036632
255036592
255036567
255036499
255036406
255036327
255036214
255036174
255036108
255035988
255035984
255035781
255035743
255035721
255035627
255035510
255035506
255035463
255035418
255035363
255035273
255035162
255035052
255035027
255034815
255034731
255034418
255034392
255034278
255034121
255034090
255033888
255033879
255033851
255033822
255033697
255033639
255033519
255033482
255033401
255033323
255033305
255033178
255032892
255032889
255032886
255032881
255032765
255032752
255032659
255032658
255032441
255032379
255032357
255032340
255032249
255032104
255032046
255031938
255031755
255031675
255031669
255031343
255031334
255031298
255031244
255031197
255031162
255031118
255031091
255031083
255030745
255030735
255030726
255030692
255030646
255030526
255030443
255030352
255030285
255030240
255030177
255030109
255030038
255030034
255029951
255029923
255029698
255029542
255029514
255029461
255029447
255029413
255029319
255029303
255029245
255029218
255029207
255029184
255029150
255029124
255029098
255029080
255028997
255028988
255028962
255028926
255028923
255028800
255028716
255028690
255028642
255028639
255028535
255028478
255028414
255028327
255028305
255028243
255028004
255027759
255027673
255027567
255027538
255027534
255027287
255027283
255027233
255027144
255027072
255027047
255026913
255026769
255026365
255026364
255026361
255026330
255026314
255026256
255026216
255026128
255026101
255026056
255026048
255025746
255025643
255025508
255025307
255025281
255025269
255025128
255025029
255024956
255024847
255024754
255024629
255024597
255024548
255024505
255024421
255024335
255024301
255024130
255023911
255023861
255023859
255023838
255023794
255023678
255023606
255023591
255023543
255023473
255023457
255023274
255023070
255023048
255022832
255022777
255022740
255022736
255022595
255022450
255022388
255022192
255022175
255022069
255021577
255021271
255021264
255021235
255021113
255020892
255020846
255020780
255020708
255020706
255020692
255020518
255020506
255020364
255020303
255020278
255020177
255020031
255020027
255019882
255019858
255019590
255019588
255019575
255019528
255019487
255019416
255019354
255019273
255019182
255019125
255018892
255018314
255018296
255018121
255018067
255017977
255017923
255017863
255017838
255017765
255017762
255017103
255016571
255016436
255016019
255015809
255015546
255015111
255015063
255014915
255014534
255014353
255013689
255013464
255013242
255012394
255011932
255010845
255010520
255010300
255009710
255008308
255007726
255007642
255007397
255005347
255003830
255002030
255001761
255000934
254999851
254998660
254998632
254998329
254998317
254997914
254997912
254997911
254997910
254997907
254997893
254997891
254997884
254997881
254997871
254997855
254997854
254997845
254997842
254997833
254997832
254997830
254997825
254997818
254997813
254997809
254997804
254997803
254997798
254997797
254997796
254997791
254997788
254997780
254997775
254997772
254997760
254997746
254997744
254997743
254997739
254997736
254997733
254997716
254997714
254997700
254997698
254997693
254997688
254997673
254997672
254997668
254997656
254997653
254997641
254997636
254997633
254997628
254997625
254997621
254997617
254997609
254997601
254997597
254997596
254997595
254997593
254997589
254997574
254997571
254997561
254997560
254997559
254997558
254997553
254997544
254997541
254997539
254997535
254997530
254997529
254997526
254997523
254997520
254997512
254997504
254997502
254997498
254997493
254997483
254997479
254997478
254997476
254997474
254997472
254997450
254997445
254997442
254997441
254997435
254997434
254997426
254997425
254997423
254997414
254997411
254997409
254997404
254997399
254997396
254997395
254997389
254997382
254997377
254997376
254997369
254997366
254997364
254997363
254997351
254997344
254997342
254997336
254997317
254997312
254997308
254997304
254997300
254997293
254997291
254997290
254997278
254997277
254997273
254997272
254997270
254997267
254997265
254997254
254997242
254997208
254997205
254997192
254997186
254997182
254997173
254997171
254997164
254997152
254997140
254997139
254997124
254997123
254997121
254997112
254997107
254997096
254997090
254997082
254997079
254997075
254997070
254997063
254994488
254994002
254993996
254993942
254993871
254993869
254993762
254993711
254993627
254993614
254993558
254993488
254993484
254993401
254993388
254993378
254993301
254993181
254993171
254993158
254993110
254993097
254991776
254990955
254990006
254987855
254987024
254985452
254985239
254984762
254984733
254984433
254984244
254981629
254981550
254981436
254980963
254980889
254979916
254978668
254978656
254977660
254977198
254976690
254975805
254975643
254975642
254975596
254975574
254975573
254975469
254975105
254974886
254974607
254974606
254974604
254974603
254974602
254974601
254974595
254974592
254974591
254974586
254974580
254974573
254974572
254974568
254974537
254974487
254974466
254974420
254974418
254974368
254974365
254974362
254974344
254974305
254974272
254974271
254974270
254974256
254974227
254974222
254974190
254974155
254974137
254974130
254974120
254974088
254974064
254974033
254974032
254974031
254974030
254973981
254973914
254972628
254972609
254972604
254972603
254972582
254972557
254972543
254972527
254972525
254972518
254972509
254972483
254972477
254972468
254972461
254972456
254972442
254972417
254972411
254972398
254970995
254970971
254970918
254970878
254970863
254970794
254970744
254970735
254970702
254970665
254970655
254970643
254970405
254970397
254970373
254970358
254970320
254970184
254970147
254970087
254970084
254969917
254969873
254969859
254969828
254969816
254969804
254969773
254969579
254969546
254969542
254969475
254969467
254969466
254969371
254969320
254969297
254969222
254969115
254969102
254969054
254969042
254968918
254968905
254968882
254968832
254968696
254968686
254968640
254968594
254968502
254968491
254968364
254968357
254968343
254968323
254968304
254968216
254968188
254968185
254968116
254968029
254968008
254967954
254967867
254967862
254967751
254967693
254967676
254967665
254967552
254967538
254967496
254967485
254967481
254967433
254967427
254967422
254967114
254967020
254966891
254966693
254966607
254966559
254966440
254966389
254966357
254966273
254966253
254966102
254966011
254965999
254965977
254965960
254965954
254965875
254965671
254965597
254965578
254965466
254965354
254965325
254965244
254965224
254965197
254965048
254965024
254965009
254964921
254964907
254964904
254964829
254964765
254964705
254964278
254964179
254964162
254964082
254964078
254964047
254963926
254963894
254963844
254963824
254963790
254963782
254963658
254963559
254963548
254963535
254963516
254963465
254963464
254963452
254963429
254963407
254963154
254963152
254963150
254963108
254963057
254963031
254963010
254962850
254962768
254962637
254962633
254962603
254962418
254962397
254962329
254962306
254962243
254962226
254962164
254962061
254962012
254961939
254961925
254961906
254961813
254961640
254961571
254961533
254961497
254961433
254961403
254961268
254961267
254961084
254961052
254960963
254960922
254960863
254960815
254960749
254960654
254960633
254960402
254960393
254960350
254960324
254960249
254960217
254960203
254960118
254960013
254959990
254959988
254959963
254959907
254959839
254959824
254959792
254959734
254959691
254959665
254959663
254959637
254959616
254959609
254959561
254959401
254959378
254959323
254959209
254959189
254959147
254959044
254959035
254958963
254958935
254958879
254958746
254958685
254958637
254958631
254958626
254958608
254958601
254958595
254958554
254958530
254958464
254958445
254958422
254958399
254958029
254957958
254957943
254957921
254957899
254957635
254957603
254957555
254957534
254957444
254957442
254957367
254957343
254957312
254957253
254957199
254957163
254956949
254956808
254956655
254956654
254956606
254956552
254956541
254956426
254956401
254956393
254956384
254956361
254956279
254956130
254956016
254955851
254955723
254955698
254955634
254955612
254955571
254955566
254955437
254955278
254955221
254955211
254955195
254955181
254955149
254955138
254955130
254955120
254955107
254955105
254955047
254955023
254954929
254954911
254954888
254954876
254954868
254954843
254954722
254954685
254954674
254954626
254954580
254954576
254954515
254954423
254954355
254954328
254954198
254954187
254954124
254954092
254954071
254954040
254954026
254954020
254953982
254953941
254953905
254953817
254953806
254953758
254953711
254953667
254953615
254953550
254953515
254953504
254953423
254953391
254953371
254953327
254953148
254953109
254953070
254953064
254953055
254952964
254952690
254952647
254952566
254952519
254952518
254952406
254952363
254952338
254952276
254952242
254952227
254952152
254952128
254952123
254951958
254951846
254951747
254951694
254951619
254951565
254951500
254951467
254951390
254951339
254951330
254951290
254951263
254951253
254951242
254951194
254951149
254951116
254951029
254950925
254950895
254950837
254950751
254950674
254950598
254950472
254950403
254950340
254950297
254950287
254950275
254950246
254950195
254950173
254950115
254950065
254950064
254950048
254949909
254949869
254949814
254949792
254949727
254949714
254949584
254949437
254949419
254949368
254949198
254949172
254949144
254949064
254948959
254948843
254948831
254948178
254948000
254947637
254947349
254946800
254946734
254946576
254946323
254946207
254945700
254945506
254945398
254944939
254944526
254944156
254943145
254942604
254942549
254942459
254942149
254940932
254940666
254940658
254940653
254938181
254937622
254937488
254937063
254936734
254936626
254935402
254935117
254935038
254934710
254934557
254934294
254933532
254933119
254932532
254932207
254932030
254930256
254927944
254927768
254927760
254927751
254927447
254927444
254927429
254927425
254927421
254927402
254927396
254927388
254927321
254927247
254927223
254927217
254927200
254927197
254927037
254927033
254927032
254927031
254927026
254927025
254927024
254927023
254927020
254927018
254927017
254927016
254927015
254927011
254927009
254927007
254926977
254926974
254926964
254926947
254926923
254926920
254926919
254926918
254926907
254926898
254926861
254926859
254926782
254926736
254926708
254926707
254926704
254926688
254926685
254926654
254926588
254926584
254926570
254926564
254926524
254926358
254926322
254925993
254925991
254925983
254925975
254925950
254925940
254925933
254925931
254925913
254925911
254925897
254925890
254925879
254925872
254925867
254925865
254925858
254925857
254925855
254925846
254925837
254925829
254925827
254925826
254925821
254925812
254925811
254925808
254925795
254925784
254925781
254925778
254925768
254925760
254925753
254925752
254925749
254925738
254925737
254925720
254925711
254925704
254925703
254925700
254925699
254925698
254925682
254925670
254925667
254925663
254925651
254925648
254925646
254925637
254925629
254925627
254925625
254925624
254925621
254925610
254925607
254925601
254925596
254925593
254925591
254925587
254925584
254925581
254925580
254925573
254925572
254925570
254925569
254925553
254925550
254925539
254925536
254925528
254925526
254925524
254925518
254925512
254925501
254925493
254925478
254925458
254925456
254925443
254925440
254925438
254925437
254925433
254925420
254925418
254925416
254925400
254925388
254925387
254925386
254925377
254925373
254925370
254925368
254925364
254925352
254925345
254925344
254925336
254925335
254925329
254925318
254925308
254925302
254925286
254925283
254925277
254925269
254925258
254925257
254925242
254925228
254925224
254925221
254925213
254925207
254925200
254925194
254925185
254925183
254925182
254925161
254925157
254925151
254925145
254925138
254925130
254925129
254925128
254925121
254925118
254925113
254925111
254925106
254925098
254925097
254925091
254925083
254925074
254925069
254925062
254925060
254925054
254925042
254925032
254925029
254925020
254925001
254924992
254924988
254924986
254924978
254924972
254924968
254924964
254924947
254924946
254924944
254924932
254924930
254924928
254924920
254924914
254924911
254924907
254924906
254924904
254924900
254924894
254924893
254924892
254924891
254924890
254924884
254924876
254924870
254924846
254924844
254924839
254924837
254924835
254924829
254924828
254924823
254924818
254924809
254924804
254924803
254924788
254924776
254924774
254924770
254924769
254924768
254924764
254924750
254924747
254924720
254924718
254924702
254924701
254924697
254924682
254924680
254924678
254924663
254924641
254924638
254924634
254924632
254924620
254924615
254924610
254924609
254924603
254924601
254924594
254924587
254924575
254924571
254924568
254924552
254924549
254924547
254924531
254924522
254924511
254924503
254924499
254924498
254924497
254924496
254924493
254924491
254924488
254924474
254924473
254924467
254924459
254924456
254924441
254924430
254924429
254924426
254924421
254924419
254924412
254924411
254924408
254924391
254924389
254924380
254924370
254924368
254924363
254924354
254924339
254924325
254924319
254924310
254924308
254924299
254924294
254924282
254924280
254924278
254922642
254922203
254922197
254922024
254921796
254921528
254921206
254920884
254920144
254919512
254919294
254918777
254918693
254918336
254917629
254917602
254917405
254917345
254917281
254916892
254916506
254916481
254916450
254915610
254915504
254915452
254915384
254915179
254915074
254914666
254914588
254914296
254913518
254913484
254913297
254913084
254912919
254912906
254912646
254912382
254912256
254912104
254911020
254910839
254910430
254910217
254910114
254910008
254909264
254909025
254908790
254908613
254908431
254908186
254907997
254907965
254907931
254907880
254907057
254906910
254906808
254906082
254905897
254905477
254905299
254904445
254904441
254904433
254904318
254904122
254903558
254903509
254903421
254903415
254903208
254903124
254902806
254902680
254902588
254902218
254901923
254901843
254901683
254901234
254900852
254900791
254900781
254900702
254900392
254899866
254899776
254899387
254899323
254899275
254898802
254898742
254898720
254898484
254898171
254897953
254897847
254897625
254897614
254897233
254896709
254896296
254895384
254894956
254894234
254894105
254893461
254893410
254892923
254892759
254892595
254891971
254891725
254891043
254890664
254890507
254890242
254890115
254888007
254887986
254887466
254887463
254887384
254886925
254886598
254886542
254886092
254885903
254885822
254885019
254883173
254883044
254883026
254883023
254882945
254882244
254881174
254880068
254879186
254879162
254879159
254879153
254879151
254879123
254879120
254879119
254879111
254879105
254878739
254878731
254877782
254877781
254877779
254877778
254877777
254877775
254877773
254877772
254877771
254877769
254877768
254877764
254877752
254877707
254877696
254877693
254877691
254877671
254877666
254877655
254877651
254877594
254877570
254877524
254877477
254877468
254877420
254877345
254877341
254877320
254877278
254877267
254877236
254877200
254877196
254877195
254877172
254877155
254877108
254877079
254877076
254876989
254876988
254876608
254876584
254876574
254876561
254876559
254876550
254876532
254876476
254876460
254876449
254876435
254876415
254876412
254876405
254876357
254876349
254876347
254876325
254876315
254876302
254876287
254876261
254876260
254876257
254876250
254876246
254876244
254876243
254876242
254876228
254876227
254872656
254872638
254870129
254869774
254869122
254867012
254866112
254865746
254865741
254864868
254862882
254862808
254862367
254860620
254860268
254858581
254857260
254855936
254855934
254855914
254855906
254855329
254855327
254855314
254855300
254855298
254855283
254855280
254855278
254855277
254855268
254855258
254855253
254855247
254855246
254855223
254855206
254855187
254855185
254855183
254854695
254854692
254854690
254854689
254854688
254854685
254854684
254854682
254854681
254854677
254854674
254854622
254854605
254854566
254854502
254854501
254854493
254854441
254854394
254854393
254854392
254854390
254854388
254854384
254854376
254854252
254854250
254854218
254854197
254854189
254854188
254854187
254854186
254854184
254854180
254854179
254854178
254854177
254854174
254854172
254854171
254854170
254854130
254854107
254854088
254854074
254854026
254854001
254853963
254853948
254853871
254853868
254853866
254853848
254853841
254853808
254853697
254853689
254853668
254853623
254852608
254851741
254851725
254851125
254851104
254849899
254849613
254849418
254849333
254849266
254849200
254849058
254848992
254848868
254848742
254848521
254848497
254848323
254847829
254847811
254847787
254847607
254847400
254847205
254847161
254847068
254846940
254846883
254846651
254846153
254845415
254845122
254845089
254844973
254844294
254844127
254844117
254844034
254843813
254843677
254843382
254843335
254843100
254843089
254842830
254842664
254842497
254842265
254841723
254841354
254838713
254836751
254834921
254834715
254833814
254832586
254831752
254830939
254830521
254828798
254828627
254828302
254825441
254825404
254824704
254824655
254824654
254824649
254824648
254824646
254824635
254824625
254824621
254824609
254824607
254824605
254823667
254823665
254823664
254823661
254823660
254823658
254823657
254823656
254823655
254823654
254823653
254823652
254823635
254823616
254823615
254823584
254823543
254823533
254823504
254823425
254823400
254823380
254823348
254823347
254823342
254823319
254823294
254823227
254823213
254823175
254823131
254822575
254822556
254822517
254822492
254822491
254822478
254822473
254821797
254821612
254821267
254820838
254820764
254820737
254819960
254818842
254818601
254818507
254818169
254817897
254817691
254817490
254816435
254815864
254815413
254815296
254814249
254814207
254814008
254813883
254813734
254812983
254812561
254812306
254811678
254811203
254810986
254810833
254810800
254810333
254809806
254809381
254808993
254808664
254808518
254808515
254807172
254807110
254806929
254806172
254805860
254805641
254805370
254805337
254805250
254805196
254805129
254805119
254804390
254803958
254803834
254803189
254802380
254802312
254801773
254801332
254800665
254799538
254799341
254799171
254796973
254794515
254792732
254791789
254791394
254790686
254789387
254788994
254788466
254786477
254786443
254785569
254784765
254784755
254784752
254784736
254784726
254784719
254784709
254784704
254784700
254784691
254784681
254784679
254784661
254784654
254784635
254784622
254784621
254784617
254784580
254784567
254784565
254784544
254784541
254784528
254784519
254784511
254784497
254784496
254784492
254784487
254784480
254784474
254784456
254784450
254784445
254784442
254784439
254784436
254784425
254784408
254784380
254784372
254784365
254784364
254784355
254781837
254781731
254781530
254781182
254780994
254780935
254780919
254780779
254780531
254780510
254780346
254780340
254780325
254780170
254780127
254780116
254779912
254779797
254779688
254779567
254779561
254779176
254779078
254778834
254778776
254778775
254778739
254778711
254778644
254778590
254778511
254778493
254778405
254778382
254778127
254778026
254777828
254777740
254777621
254777470
254777007
254776966
254776964
254776936
254776853
254776838
254776696
254776675
254776623
254776499
254776471
254776416
254776366
254776323
254776092
254775933
254775915
254775724
254775566
254775283
254775155
254774814
254774810
254774273
254773870
254773546
254773429
254772862
254772756
254772660
254772596
254772552
254772547
254772409
254772348
254772303
254772164
254772121
254771648
254771575
254771445
254771205
254770983
254770643
254769768
254769449
254769317
254768919
254768756
254768591
254768470
254768313
254768306
254768136
254767612
254767411
254767330
254767114
254767085
254767071
254766964
254766851
254766778
254766748
254766734
254766704
254766672
254766564
254766484
254766333
254765921
254765842
254765783
254765680
254765440
254765315
254765311
254765269
254765220
254765187
254765183
254765134
254765036
254764982
254764671
254764623
254764334
254764168
254763934
254763914
254763898
254763785
254763673
254763581
254763295
254763182
254762947
254762941
254762722
254762692
254762678
254762644
254762326
254762184
254761969
254761611
254761603
254761402
254761237
254761206
254761128
254761047
254760977
254760839
254760822
254760818
254760804
254760598
254760560
254760552
254760525
254760461
254760285
254760203
254760169
254759729
254759715
254759666
254759541
254759440
254759420
254759383
254759352
254759320
254759233
254759126
254758826
254758631
254758621
254758559
254758551
254758100
254758039
254757886
254757776
254757757
254757714
254757620
254757618
254757263
254757089
254756849
254756836
254756669
254756520
254756447
254756319
254756282
254756155
254756021
254755932
254755812
254755804
254755503
254755489
254755272
254755234
254755103
254754832
254754772
254754758
254754502
254754110
254754015
254753071
254750956
254749991
254749906
254749792
254749114
254748983
254748303
254747672
254746799
254745379
254744417
254744341
254744280
254743361
254741943
254740086
254739488
254738572
254738557
254738539
254738133
254738131
254738130
254738125
254735730
254735710
254735680
254735679
254735639
254733295
254733292
254733284
254733259
254733253
254733222
254733210
254733207
254733145
254733097
254733049
254733019
254733018
254733000
254732993
254732963
254732958
254732943
254732936
254732930
254732929
254732923
254732911
254732905
254732888
254732877
254732866
254729229
254729197
254729162
254728810
254728727
254728677
254728633
254728426
254728361
254728302
254728140
254727975
254727951
254727929
254727906
254727892
254727881
254727873
254727743
254727664
254727482
254727469
254727394
254727282
254727181
254727129
254727110
254727076
254727036
254726860
254726830
254726818
254726784
254726783
254726701
254726550
254726489
254726469
254726451
254726431
254726402
254726360
254726298
254726231
254726144
254725827
254725819
254725800
254725657
254725608
254725542
254725512
254725502
254725439
254725435
254725429
254725276
254725259
254725189
254725130
254725070
254725019
254724909
254724870
254724862
254724812
254724765
254724755
254724691
254724650
254724640
254724600
254724355
254724200
254724113
254724037
254723992
254723906
254723648
254723319
254723280
254723242
254723199
254723178
254723052
254723023
254723022
254722997
254722938
254722864
254722844
254722771
254722703
254722459
254722441
254722350
254722327
254722268
254722226
254722208
254722194
254722133
254722119
254722105
254722098
254721911
254721910
254721905
254721901
254721894
254721647
254721632
254721551
254721545
254721511
254721470
254721384
254721327
254721297
254721273
254721212
254721127
254721035
254721017
254720980
254720970
254720964
254720935
254720922
254720911
254720817
254720812
254720701
254720461
254720424
254720372
