255319827
255319195
255319135
255319001
255318661
255318649
255317789
255317630
255317566
255317525
255317410
255317306
255316875
255316791
255316752
255316188
255316081
255315974
255315579
255315566
255315540
255315440
255315431
255315370
255315271
255315085
255314877
255314803
255314776
255314489
255314146
255313893
255313410
255313193
255313144
255312987
255312763
255312699
255312666
255312590
255312532
255312119
255311980
255311812
255311631
255311183
255311062
255310879
255310469
255310405
255309815
255309192
255309137
255309082
255308971
255308960
255308883
255308824
255308742
255308378
255307577
255307492
255307454
255307339
255307176
255306940
255306715
255306573
255306138
255305829
255305703
255305648
255305357
255305332
255305283
255305089
255304735
255304728
255304547
255304352
255296548
255295538
255294788
255294185
255294055
255293406
255293019
255287607
255284986
255284062
255283815
255283711
255280615
255280599
255280309
255280060
255279339
255278727
255278651
255278477
255278429
255278203
255277953
255277380
255275128
255274572
255274559
255274118
255273975
255273628
255273552
255273307
255273104
255273036
255272206
255272051
255271752
255271237
255271137
255270229
255270126
255270121
255269508
255269368
255269153
255264006
255262156
255262031
255261231
255260297
255259890
255259509
255259331
255259116
255258856
255258718
255258135
255257098
255256974
255254921
255253991
255252698
255251067
255250243
255250234
255249314
255248922
255246677
255246332
255245670
255245121
255244202
255243953
255242580
255240770
255239977
255233704
255233604
255231577
255231343
255230784
255229543
255226660
255226072
255226052
255222672
255219638
255217931
255215056
255214415
255214222
255213939
255212138
255209872
255203855
255202688
255202167
255201174
255200227
255200186
255200018
255199343
255198550
255197598
255197241
255196522
255196317
255194832
255194558
255191598
255190978
255190510
255189665
255186634
255186625
255186623
255186620
255186259
255186092
255186090
255185871
255185867
255185471
255185431
255185422
255185206
255183134
255169195
255169106
255169024
255168955
255168915
255168879
255168744
255168699
255168688
255168588
255168507
255168494
255168318
255168123
255168049
255167889
255167762
255167734
255167728
255167708
255167385
255167271
255167004
255166907
255166737
255166318
255166305
255166128
255166079
255166047
255165886
255165720
255165643
255165641
255165564
255165519
255165499
255165356
255165290
255165234
255165117
255165056
255164920
255164760
255164535
255164420
255164325
255163711
255163654
255163597
255163555
255163421
255163047
255162912
255162810
255162767
255162636
255162535
255162440
255162145
255162080
255162044
255162021
255161999
255161988
255161976
255161781
255160968
255160923
255160807
255160780
255160771
255160606
255160574
255160566
255160446
255160301
255160251
255160236
255159289
255159252
255159188
255158826
255158720
255158694
255158459
255157625
255157524
255157499
255157480
255157467
255157398
255157359
255157192
255157113
255156988
255156981
255156884
255156864
255155846
255155521
255155454
255155162
255153872
255153261
255153237
255152976
255151761
255142954
255142589
255141713
255140213
255139162
255138995
255138232
255138175
255137115
255136915
255136605
255136142
255136122
255135665
255135590
255135531
255135353
255135260
255135171
255135144
255134037
255134010
255133918
255133841
255133783
255133501
255133161
255132470
255132460
255132273
255132209
255132030
255131886
255131258
255130999
255130799
255130759
255130318
255129861
255129572
255129438
255129394
255129122
255129104
255128763
255128685
255128655
255128652
255128372
255127648
255127510
255127277
255127037
255125621
255125599
255125092
255125091
255125090
255125088
255125086
255125082
255114370
255113912
255113735
255113728
255113679
255113666
255113361
255113194
255113041
255112998
255112866
255112839
255112572
255112537
255112291
255111935
255111805
255111382
255111236
255111008
255110963
255110833
255110813
255110793
255110647
255110562
255110511
255110410
255110383
255110372
255110303
255109721
255109654
255109321
255108851
255108828
255108757
255108515
255108114
255107888
255107872
255107249
255107175
255107100
255107049
255106825
255106740
255106665
255106633
255106470
255106415
255106413
255106382
255106204
255106176
255106058
255105556
255105239
255105225
255105167
255105003
255104877
255104781
255104719
255104680
255104649
255104589
255104511
255104348
255104228
255103930
255103863
255103808
255103475
255103341
255103240
255103061
255103048
255103047
255102893
255102600
255102339
255102324
255101892
255101512
255100986
255100831
255100766
255100582
255100168
255100157
255099840
255099781
255099446
255099411
255099171
255099065
255098918
255098761
255098717
255098699
255098370
255097930
255097764
255097649
255097090
255096475
255096213
255096212
255096205
255077031
255075960
255075945
255075830
255075090
255075055
255075014
255074817
255074713
255074246
255073901
255073727
255073622
255073297
255073293
255073193
255073077
255073013
255072774
255072616
255072560
255072496
255072447
255072406
255072133
255071270
255070978
255070955
255070939
255070919
255070861
255070686
255070668
255070553
255070225
255070055
255069986
255069843
255069554
255069459
255069303
255069287
255069065
255068873
255068810
255068748
255068701
255068656
255068344
255068300
255068197
255068169
255068141
255067756
255067743
255067685
255067358
255066961
255066758
255066715
255066699
255066693
255066199
255066152
255066096
255065962
255065912
255065737
255065245
255065184
255065101
255065055
255064946
255064709
255064602
255064506
255064459
255063997
255063926
255063289
255063284
255063051
255062980
255062145
255062133
255062119
255061758
255061625
255061553
255061423
255061356
255061026
255060744
255057303
255057210
255057038
255056884
255056777
255056623
255056445
255056215
255055675
255055500
255055133
255054965
255054414
255053366
255053279
255053152
255053033
255052348
255051084
255051065
255051023
255050583
255050247
255049108
255048674
255047255
255046807
255045696
255044799
255043872
255043457
255043233
255042863
255041587
255041221
255040938
255040002
255039917
255037695
255037186
255036699
255035866
255035214
255035192
255034868
255034690
255034153
255033666
255032556
255031813
255030753
255030521
255028402
255027001
255026071
255024621
255024363
255024231
255024035
255023779
255023005
255022949
255022720
255022604
255021804
255020613
255020579
255020092
255019815
255019291
255019280
255018971
255018168
255017298
255017276
255017098
255017040
255016830
255016727
255016308
255016170
255015818
255015315
255015260
255014956
255014677
255013707
255013421
255012757
255012610
255012275
255012061
255012034
255012014
255011133
255010826
255010698
255010225
255010205
255009946
255009904
255009763
255009727
255008339
255008317
255008132
255007965
255007815
255007535
255007273
255007215
255007214
255007193
255006700
255006630
255006307
255005517
255005280
255005053
255004978
255004818
255004746
255004230
255003436
255003064
255002992
255002876
255002844
255002712
255002695
255002601
255002438
255002421
255002276
255001848
255001009
255000973
254997055
254994090
254993571
254992853
254992555
254992459
254992438
254992251
254992244
254992194
254991280
254991205
254991108
254990892
254990888
254990406
254990327
254990261
254989901
254989876
254989669
254989608
254989599
254989047
254988882
254988855
254988832
254988761
254988731
254988631
254988430
254988392
254987924
254987564
254986897
254986567
254986406
254986226
254986213
254985613
254985382
254985080
254985063
254984990
254984976
254984899
254984802
254984654
254984556
254984463
254984448
254984349
254983979
254983870
254983631
254983617
254982803
254982738
254982622
254982594
254981976
254981659
254981227
254981056
254980808
254980775
254980575
254980384
254980378
254980343
254980308
254979964
254979846
254978145
254978120
254977605
254977591
254977572
254977489
254977339
254977074
254975599
254974608
254974605
254974599
254974597
254974590
254974273
254974262
254974039
254972600
254972548
254972536
254972530
254972519
254972452
254972445
254972433
254970449
254970434
254970139
254969268
254969205
254968969
254968427
254967717
254967442
254967175
254966469
254966014
254965993
254965838
254965639
254965611
254965465
254964041
254963821
254963813
254963546
254963530
254963459
254963214
254962992
254962886
254962815
254962514
254962363
254962146
254961817
254961577
254961335
254961327
254959831
254959011
254957786
254957658
254957578
254956860
254956457
254955239
254954884
254954627
254954594
254954359
254954260
254953755
254953698
254953520
254952178
254951831
254951545
254950979
254950844
254950756
254950731
254950273
254949806
254949729
254949673
254949247
254948547
254948498
254948377
254948375
254947843
254947072
254946875
254946868
254946393
254946297
254946259
254946027
254945826
254945759
254945597
254944849
254944828
254944417
254944195
254944152
254944100
254943740
254943556
254943437
254943307
254942948
254942853
254942580
254942503
254942350
254942154
254942050
254941950
254941835
254941817
254941785
254941766
254940980
254940722
254940689
254940614
254940468
254940465
254940331
254940242
254939593
254939583
254939581
254939459
254939289
254939268
254939264
254939245
254939210
254939127
254939100
254939090
254939045
254938978
254938855
254938760
254938568
254938489
254938450
254938146
254938116
254938082
254938063
254937885
254937808
254937310
254937232
254937149
254937123
254936888
254936731
254936596
254936583
254936514
254936504
254936407
254936068
254936049
254935983
254935499
254935337
254935278
254934714
254934438
254934352
254934170
254934060
254933905
254933811
254933689
254933629
254933170
254933138
254932823
254932405
254932028
254927036
254927027
254927022
254927021
254927010
254926916
254926700
254926566
254919564
254899500
254898892
254898890
254898840
254898598
254898192
254897805
254897781
254897725
254897660
254897511
254897490
254897054
254896772
254896687
254896479
254896452
254896312
254895928
254895665
254894976
254894726
254894481
254894134
254894046
254893725
254893693
254893585
254893548
254893304
254893133
254892786
254892719
254892706
254892622
254892463
254892382
254892257
254892080
254892058
254892031
254891914
254891781
254891774
254891588
254891549
254891506
254891453
254891290
254891254
254891237
254891139
254891033
254891029
254891020
254890849
254890766
254890565
254890559
254890535
254890385
254890246
254890222
254890197
254889925
254889901
254889615
254889507
254889455
254889284
254889244
254888907
254888897
254888380
254888341
254887997
254887978
254887720
254887634
254887598
254887443
254886691
254885780
254885768
254885599
254884639
254884623
254884601
254884294
254884044
254883651
254879685
254879178
254879173
254878518
254878375
254878373
254878359
254878353
254878350
254878347
254878346
254878341
254878335
254878330
254878329
254878322
254878315
254878306
254877780
254877776
254877767
254877765
254877689
254877203
254877199
254876990
254876986
254876473
254876382
254876376
254876280
254876247
254876233
254876232
254873635
254873498
254873381
254872728
254872156
254870917
254870675
254870438
254870410
254870123
254869347
254869238
254869106
254868320
254868011
254867935
254867666
254867587
254867491
254867349
254867208
254867149
254867033
254866989
254866692
254866631
254866524
254866055
254865931
254865929
254865854
254865438
254865212
254864692
254864502
254864044
254864026
254863778
254863663
254862800
254862718
254862022
254861458
254861333
254860624
254860257
254860051
254859385
254859088
254858872
254858828
254858695
254858361
254857575
254857572
254857296
254856828
254856463
254856327
254856158
254855285
254855199
254854696
254854693
254854691
254854687
254854686
254854680
254854391
254854185
254854183
254854175
254854173
254853862
254842114
254841940
254841666
254841665
254841631
254841257
254841182
254840692
254840428
254840419
254840385
254840080
254840020
254839973
254837939
254837633
254837546
254837184
254836709
254836049
254835898
254835786
254834755
254834406
254834232
254833766
254833732
254833321
254833254
254833116
254832008
254831749
254831633
254831218
254831169
254831030
254830786
254830668
254830380
254830362
254829752
254829608
254828753
254828590
254828378
254828372
254828292
254827938
254827000
254826978
254826958
254826846
254826594
254826586
254826576
254824694
254824681
254824666
254823670
254823669
254823668
254823663
254823662
254823618
254823349
254823098
254822472
254805763
254801550
254801538
254801342
254801073
254800923
254800878
254800771
254800631
254800180
254800015
254799839
254799838
254799424
254799416
254799367
254799293
254799265
254799031
254798709
254798607
254798423
254798211
254798116
254797730
254797629
254797465
254797330
254797224
254796633
254796507
254796505
254796204
254795692
254795568
254795405
254795287
254795231
254795133
254795024
254794787
254794584
254794299
254793812
254793796
254793654
254793568
254793544
254793503
254793414
254793253
254793237
254792899
254792723
254792626
254792511
254792264
254792042
254791799
254791621
254791580
254791504
254791475
254791433
254791431
254791417
254791270
254791258
254791199
254791180
254790857
254790602
254790364
254790275
254789856
254789634
254789561
254789496
254789333
254789143
254789105
254788655
254788454
254788190
254788062
254787871
254787846
254787562
254787313
254787159
254786991
254786935
254786672
254786645
254786586
254786361
254785741
254785648
254784712
254784631
254784578
254784575
254773301
254773051
254769189
254769186
254768503
254767855
254767220
254767022
254766725
254763505
254758684
254757444
254753824
254753393
254753147
254753002
254752942
254752921
254752713
254752703
254752650
254752440
254752363
254752284
254752168
254751998
254751902
254751680
254751482
254751020
254750816
254750701
254750700
254750328
254750271
254750146
254750142
254749968
254749919
254749599
254749306
254749189
254749155
254749077
254748793
254748554
254747870
254747814
254747735
254747486
254747445
254747102
254746714
254746638
254746275
254746179
254745996
254745969
254745962
254744990
254744420
254744077
254744058
254744047
254743762
254743712
254743637
254743262
254743023
254742698
254742640
254742636
254742521
254741968
254741962
254741697
254741641
254741622
254740837
254739997
254739767
254739678
254739525
254739326
254739285
254738787
254738724
254738682
254738417
254738296
254737940
254737938
254737936
254737101
254737005
254736846
254736738
254736550
254736340
254736272
254728516
254727861
254727205
254725575
254723334
254723090
254722850
254721520
254720698
