255319804
255319592
255319500
255319405
255319223
255319044
255318779
255318754
255318749
255318606
255318491
255318417
255318173
255318128
255317886
255317635
255317547
255317502
255317499
255317049
255317004
255316920
255316792
255316592
255316493
255316150
255315991
255315933
255315932
255315687
255315575
255315239
255315188
255314909
255314880
255314704
255314427
255314402
255314384
255314357
255314292
255314270
255313997
255313610
255313370
255313163
255313027
255312896
255312630
255312207
255312016
255311994
255311614
255311497
255311478
255311470
255311143
255311131
255311055
255310941
255310748
255310702
255310644
255310620
255310448
255310366
255310290
255310286
255310201
255310017
255310012
255309990
255309974
255309860
255309739
255309634
255309224
255309178
255309114
255309078
255309034
255309015
255309010
255308991
255308409
255308355
255308339
255308295
255308045
255308008
255307944
255307931
255307916
255307657
255307476
255307179
255307161
255306974
255306972
255306815
255306661
255306426
255306196
255306164
255306161
255306148
255305994
255305882
255305872
255305810
255305680
255305653
255305455
255305298
255305288
255305130
255304936
255304917
255304493
255304302
255304294
255304247
255304118
255304072
255304017
255303982
255303938
255303821
255303804
255303770
255303695
255303682
255303680
255303626
255296845
255281032
255280602
255280372
255279334
255279328
255277509
255276943
255275939
255275571
255275159
255274992
255274985
255274454
255274359
255272630
255270485
255269971
255269753
255269463
255269430
255268433
255262607
255260658
255255562
255254510
255253556
255250150
255240615
255233991
255231909
255223255
255217560
255217120
255214094
255212960
255210430
255209402
255208808
255208127
255205756
255203946
255203282
255202843
255202489
255201982
255200871
255200697
255200681
255200158
255199645
255197816
255196786
255196218
255195672
255194522
255193333
255191012
255186629
255185536
255185534
255185474
255185462
255185456
255185395
255185386
255185339
255185326
255185312
255185244
255185178
255169317
255169288
255169186
255169138
255169117
255168950
255168681
255168677
255168644
255168599
255168298
255168025
255168011
255168010
255167953
255167895
255167823
255167683
255167657
255167574
255167542
255167520
255167513
255167364
255167265
255167084
255167016
255166949
255166804
255166651
255166468
255166464
255166453
255166438
255166385
255166364
255166361
255166325
255166287
255166164
255166145
255166094
255165906
255165848
255165780
255165759
255165540
255165501
255165489
255165475
255165397
255165367
255165351
255165328
255165291
255165262
255165137
255165061
255165012
255164997
255164955
255164950
255164929
255164881
255164867
255164826
255164638
255164497
255164355
255164300
255164256
255164210
255164172
255164136
255164048
255164039
255163974
255163817
255163722
255163582
255163560
255163470
255163348
255163215
255163135
255163098
255163013
255162730
255162694
255162552
255162307
255162293
255162193
255162095
255161912
255161910
255161867
255161837
255161815
255161802
255161770
255161730
255160902
255160783
255160616
255160249
255159219
255159204
255159141
255159124
255158901
255158890
255158886
255158696
255158638
255158633
255158578
255158352
255157543
255157348
255157248
255157059
255155904
255155901
255155868
255155775
255155714
255155673
255155495
255155450
255155323
255155321
255155032
255154095
255154001
255153781
255153777
255153737
255153670
255153488
255153465
255153083
255142786
255141158
255140857
255140756
255140208
255140174
255139860
255139368
255139023
255139015
255138693
255137547
255137076
255137048
255136889
255136842
255136740
255136689
255136553
255136084
255135730
255135692
255135546
255135296
255135278
255135211
255134954
255134521
255134047
255133928
255133862
255133814
255133737
255133512
255133442
255132648
255132523
255132513
255132429
255132383
255132082
255131801
255131382
255131323
255131230
255130853
255130564
255130515
255130504
255130291
255130239
255129659
255129523
255129451
255129206
255129079
255128971
255128954
255128895
255128817
255128220
255127718
255127660
255127586
255127415
255127153
255127077
255127060
255127054
255126973
255125618
255125598
255125353
255125352
255113993
255113938
255113837
255113611
255113491
255113420
255113322
255113288
255113252
255112990
255112967
255112569
255112409
255112197
255112162
255112087
255111918
255111776
255111735
255111570
255111417
255111372
255111335
255110704
255110304
255110167
255110165
255110134
255109846
255109827
255109657
255109625
255109320
255108967
255108927
255108799
255108771
255108765
255108723
255108626
255108513
255108359
255108316
255108124
255107973
255107957
255107653
255107391
255107050
255106832
255106831
255106761
255106546
255106520
255106042
255105624
255105581
255105416
255105303
255105290
255105250
255105070
255104977
255104857
255104698
255104532
255104489
255104405
255104381
255104376
255104325
255104213
255104133
255103678
255103621
255103577
255103122
255102957
255102883
255102125
255102040
255101910
255101443
255101437
255101402
255101033
255100662
255100622
255100263
255100159
255100140
255099871
255099639
255099513
255099284
255099097
255099079
255098745
255098568
255098346
255098249
255098136
255098120
255097934
255097694
255076019
255075787
255075577
255075422
255075371
255075165
255075082
255075022
255074912
255074685
255074622
255074561
255074531
255074514
255074490
255074473
255074471
255074459
255074426
255074375
255074262
255074233
255074227
255074192
255073929
255073664
255073623
255073584
255073518
255073517
255072943
255072815
255072814
255072622
255072620
255072609
255072584
255072516
255072211
255072113
255072082
255072036
255071907
255071659
255071473
255071449
255071338
255071319
255071307
255071233
255071188
255071129
255071111
255070875
255070689
255070436
255070391
255070348
255070344
255070257
255070237
255070175
255070109
255070097
255070087
255069955
255069947
255069911
255069735
255069565
255069454
255069387
255069379
255069376
255069337
255069072
255068998
255068779
255068647
255068620
255068618
255068605
255068572
255068534
255068469
255068448
255068390
255068287
255068267
255068218
255068210
255068172
255068150
255068114
255067936
255067909
255067873
255067754
255067608
255067561
255067499
255067433
255067430
255067238
255067207
255067155
255067065
255067047
255067037
255067011
255066970
255066937
255066905
255066887
255066881
255066871
255066870
255066831
255066829
255066781
255066742
255066731
255066694
255066653
255066624
255066615
255066605
255066442
255066367
255066333
255066291
255066283
255066134
255065993
255065787
255065785
255065700
255065695
255065600
255065547
255065518
255065503
255065479
255065464
255065453
255065392
255065317
255065309
255065276
255065266
255065252
255065236
255065230
255065227
255065214
255065211
255065199
255065187
255065172
255065155
255065151
255065102
255065086
255065047
255064930
255064815
255064790
255064674
255064598
255064427
255064407
255064298
255064296
255064282
255064258
255064183
255063993
255063963
255063932
255063906
255063848
255063816
255063806
255063782
255063764
255063738
255063728
255063599
255063560
255063533
255063521
255063513
255063493
255063266
255063207
255063166
255063050
255062917
255062857
255062802
255062746
255062549
255062503
255062487
255062443
255062435
255062408
255062383
255062379
255062327
255062326
255062238
255062216
255062174
255062143
255062124
255062109
255062051
255061919
255061876
255061871
255061835
255061799
255061708
255061622
255061564
255061491
255061463
255061398
255061350
255061234
255061197
255061135
255061059
255061022
255060898
255060880
255060799
255060770
255060757
255060728
255060683
255060671
255060666
255060637
255060630
255060629
255060624
255060617
255060607
255060556
255053340
255052945
255052848
255052459
255050744
255032502
255020774
255020585
255018902
255017274
255017232
255017195
255017125
255017099
255017073
255016962
255016851
255016821
255016771
255016735
255016581
255016487
255016266
255016218
255015998
255015982
255015728
255015706
255015639
255015565
255015427
255015419
255015237
255015118
255015023
255014992
255014900
255014886
255014766
255014618
255014526
255014449
255014273
255014227
255014203
255013983
255013823
255013753
255013751
255013591
255013576
255013499
255013460
255013328
255013053
255012977
255012896
255012784
255012760
255012708
255012657
255012619
255012615
255012223
255012117
255012089
255012071
255012041
255012000
255011829
255011793
255011714
255011712
255011595
255011579
255011391
255011372
255011358
255011312
255011290
255011242
255011239
255011175
255010997
255010948
255010886
255010821
255010713
255010540
255010512
255010439
255010331
255010251
255010133
255010078
255010025
255009814
255009762
255009756
255009746
255009485
255009473
255009460
255009211
255008848
255008652
255008488
255008418
255008371
255008264
255008161
255008028
255007856
255007779
255007632
255007520
255007493
255007440
255007357
255006987
255006770
255006654
255006615
255006571
255006533
255006482
255006451
255006437
255006402
255006265
255006093
255005924
255005902
255005761
255005633
255005617
255005558
255005498
255005413
255005304
255005142
255005087
255005047
255005043
255004767
255004752
255004644
255004573
255004549
255004514
255004498
255004452
255004325
255004302
255004282
255004229
255003936
255003891
255003598
255003565
255003563
255003495
255003423
255003144
255003138
255003098
255003040
255002786
255002711
255002708
255002679
255002622
255002593
255002566
255002374
255002296
255002204
255002003
255001772
255001584
255001528
255001474
255001433
255001405
255001196
255001157
255001095
255001049
255000946
255000917
255000898
255000865
255000722
255000689
255000680
254992730
254992268
254992259
254991949
254991903
254991838
254991385
254991063
254991056
254990963
254990940
254990817
254990754
254990554
254990480
254990422
254990328
254989626
254989614
254989604
254989325
254989278
254989231
254989203
254989179
254989148
254989128
254989115
254989094
254988898
254988736
254988505
254988200
254988155
254987862
254987818
254987798
254987709
254987685
254987591
254987312
254987165
254987106
254987047
254987001
254986828
254986716
254986624
254986503
254986362
254986263
254986237
254986003
254985897
254985797
254985409
254985366
254985360
254985181
254985021
254984910
254984814
254984695
254984621
254984578
254984545
254984394
254984267
254984231
254984221
254984142
254983921
254983886
254983840
254983347
254983335
254983271
254983031
254982947
254982896
254982861
254982724
254982403
254982396
254982234
254982203
254982163
254982143
254981834
254981242
254980939
254980937
254980498
254980300
254980045
254980030
254979867
254979651
254979398
254979034
254978955
254978796
254978292
254978291
254978275
254978017
254977851
254977622
254977411
254977403
254977392
254977367
254977232
254976901
254976884
254970077
254969825
254968303
254966426
254964656
254964541
254963987
254961673
254959238
254959195
254959190
254958813
254958390
254958005
254957922
254949600
254948861
254948580
254948574
254948567
254948487
254948036
254947742
254947597
254947473
254947366
254947116
254946799
254946746
254946654
254946651
254946539
254946460
254946438
254946344
254946251
254946163
254946153
254946117
254945961
254945950
254945946
254945912
254945748
254945647
254945614
254945485
254945483
254945449
254945439
254945382
254945318
254945149
254945021
254944796
254944785
254944666
254944602
254944086
254944076
254944024
254943699
254943691
254943571
254943538
254943385
254943379
254943376
254943344
254943296
254943234
254942996
254942904
254942882
254942862
254942831
254942828
254942648
254942569
254942517
254942468
254942351
254942304
254942289
254942099
254942027
254941881
254941843
254941364
254941354
254941246
254941231
254941027
254940959
254940947
254940680
254940594
254940561
254940258
254940252
254940123
254940103
254940076
254940001
254939912
254939727
254939664
254939556
254939454
254939423
254939140
254939031
254938825
254938814
254938810
254938728
254938707
254938702
254938679
254938552
254938471
254938461
254938395
254938201
254938199
254937891
254937843
254937732
254937672
254937670
254937667
254937632
254937506
254937401
254937383
254937250
254937207
254937188
254937037
254937022
254936858
254936828
254936721
254936648
254936590
254936577
254936300
254936249
254936157
254936134
254936006
254935812
254935786
254935708
254935686
254935503
254935377
254935334
254935115
254934898
254934812
254934704
254934684
254934682
254934592
254934549
254934504
254934467
254934458
254934425
254934421
254934375
254934071
254933991
254933974
254933869
254933598
254933562
254933253
254933090
254933025
254932695
254932647
254932645
254932560
254932554
254932538
254932534
254932359
254932328
254932190
254932187
254932057
254932051
254927013
254927012
254926701
254916207
254915973
254899505
254899332
254899285
254899263
254898933
254898926
254898891
254898671
254898573
254898567
254898538
254897859
254897826
254897779
254897682
254897586
254897453
254897261
254897208
254897142
254897093
254897065
254896888
254896788
254896688
254896641
254896417
254896275
254896186
254896164
254895983
254895790
254895206
254894295
254894164
254894154
254894086
254894084
254893444
254893120
254892875
254892642
254892486
254892116
254892076
254892059
254891981
254891869
254891545
254891532
254891475
254891424
254891405
254890850
254890546
254890504
254890450
254890391
254890350
254890008
254889973
254889940
254889305
254889060
254888349
254888315
254887929
254887523
254887179
254886464
254886091
254885966
254885936
254885862
254885787
254885492
254885427
254885397
254884783
254884690
254884662
254884569
254883939
254883861
254883775
254877774
254877763
254877690
254876505
254873715
254873462
254873459
254873378
254873178
254873054
254872707
254872164
254871402
254870311
254870171
254869982
254869751
254869692
254869580
254869198
254868612
254868578
254867910
254867782
254867365
254867358
254866649
254866637
254866435
254866155
254865703
254865190
254864466
254864459
254864262
254863910
254863631
254863417
254863221
254863118
254862722
254862674
254862105
254862095
254862058
254861932
254861821
254861472
254861424
254861413
254861266
254860926
254860596
254860397
254860370
254859847
254859698
254859539
254859298
254859167
254859117
254858913
254858893
254858826
254858299
254858198
254858138
254857984
254857767
254857719
254857448
254857340
254857287
254857212
254857028
254856870
254856332
254856227
254854694
254854182
254854181
254842111
254841939
254841911
254841704
254841326
254841308
254841221
254841101
254840983
254840762
254840567
254840440
254840320
254840271
254840138
254839860
254839540
254839419
254839405
254839038
254838663
254838622
254838434
254838366
254838299
254838219
254838216
254837967
254837083
254836917
254836841
254836445
254836169
254835948
254835940
254835758
254835694
254835493
254835355
254834088
254833555
254833284
254832831
254832596
254832421
254832150
254832084
254831976
254831662
254830344
254830261
254830128
254829825
254829594
254828691
254828665
254828664
254828605
254828525
254828310
254828259
254828226
254827973
254827109
254826968
254826783
254823666
254823659
254823620
254822528
254801146
254801053
254800899
254800890
254800794
254800551
254800412
254800401
254800380
254800347
254800148
254800033
254799962
254799085
254799080
254798902
254798815
254798684
254798503
254798468
254798447
254798067
254798014
254798000
254797609
254797435
254797263
254797076
254796974
254796873
254796862
254796819
254796781
254796227
254796100
254796068
254795979
254795890
254795811
254795763
254795533
254795471
254795392
254795329
254795318
254795215
254795190
254794354
254794217
254794011
254793886
254793699
254793604
254793494
254793486
254793082
254792860
254792703
254792630
254792198
254792171
254792169
254792089
254791872
254791465
254791441
254791166
254791087
254790731
254790443
254790412
254790411
254790245
254789827
254789732
254789582
254789548
254789458
254789183
254788806
254788677
254788502
254787763
254787715
254787351
254787189
254787172
254787002
254786928
254786633
254786604
254786542
254786177
254786165
254781980
254754231
254754179
254753971
254753959
254753952
254753936
254753933
254753797
254753704
254753695
254753671
254753650
254753641
254753636
254753601
254753551
254753441
254753380
254753375
254753343
254753288
254753243
254753209
254753042
254753012
254752765
254752369
254752124
254751985
254751685
254751429
254751422
254751410
254751332
254751270
254751158
254750970
254750806
254750794
254750673
254750345
254750240
254750234
254750166
254750145
254750094
254749959
254749849
254749477
254749372
254749287
254749150
254749112
254749094
254749005
254749002
254748810
254748738
254748728
254748599
254748538
254748435
254748283
254748101
254748083
254748039
254748029
254748021
254748007
254747967
254747947
254747913
254747860
254747745
254747744
254747684
254747560
254747542
254747514
254747432
254747131
254747109
254747018
254746462
254746379
254746238
254746221
254746154
254746063
254746029
254745954
254745822
254745159
254744880
254744715
254744612
254744460
254744451
254744309
254744287
254744243
254744217
254744214
254744165
254744034
254743958
254743939
254743902
254743895
254743754
254743685
254743219
254743214
254743090
254742992
254742923
254742910
254742908
254742887
254742772
254742631
254742452
254742424
254742368
254742244
254742219
254741862
254741854
254741725
254741653
254741649
254741545
254741535
254741261
254741082
254741022
254740992
254740867
254740770
254740647
254740464
254740435
254740402
254740355
254740279
254740104
254740094
254740029
254739978
254739951
254739881
254739753
254739718
254739696
254739519
254739424
254739314
254738930
254738929
254738892
254738811
254738681
254738456
254738323
254738209
254736274
254729090
254729088
254728106
254726915
254726885
254726711
254726273
254726025
254725845
254725509
254724559
254722694
254722643
254722604
254722312
254720709
