255319488
255319487
255319474
255319439
255319381
255319355
255319167
255319056
255318896
255318841
255318799
255318728
255318503
255318463
255318445
255318178
255318052
255318005
255317816
255317601
255317371
255317231
255317165
255316940
255316921
255316804
255316784
255316775
255316720
255316577
255316561
255316560
255316481
255316464
255316425
255316404
255315982
255315796
255315604
255315470
255315418
255315325
255315311
255315205
255315028
255315015
255314963
255314830
255314768
255314715
255314517
255314403
255314385
255314314
255314279
255314189
255314099
255314084
255314081
255313994
255313762
255313754
255313622
255313559
255313398
255313360
255313080
255313069
255313061
255312796
255312731
255312727
255312613
255312600
255312521
255312477
255312453
255312353
255312262
255312238
255311976
255311923
255311821
255311794
255311503
255311475
255311065
255310987
255310714
255310630
255310454
255310240
255310131
255309883
255309725
255309718
255309358
255309054
255309005
255308998
255308916
255308802
255308756
255308671
255308505
255308456
255308410
255308390
255308382
255308375
255308261
255308237
255308157
255308133
255308131
255307961
255307751
255307487
255307437
255307102
255306979
255306736
255306711
255306632
255306526
255306482
255306447
255306216
255306104
255306047
255305783
255305664
255305396
255305292
255305071
255304955
255304437
255304377
255304355
255281123
255280882
255280419
255279872
255279785
255278536
255278111
255277876
255277840
255277256
255276522
255276281
255276157
255275943
255275499
255275479
255275280
255274367
255273968
255273942
255273630
255273548
255273441
255273187
255272926
255272489
255272370
255272289
255272226
255271574
255270181
255269582
255269482
255262650
255262112
255261688
255258863
255257093
255256209
255253849
255249749
255249474
255249432
255248803
255247515
255244000
255243665
255243368
255234334
255233319
255230856
255206219
255204344
255204028
255201522
255201104
255200064
255199186
255199121
255199039
255197521
255196879
255196657
255196272
255194742
255193019
255192886
255192359
255191229
255190458
255186632
255169225
255169084
255169019
255168945
255168815
255168538
255168460
255168338
255168036
255168032
255167867
255167535
255167504
255167391
255167373
255167113
255167095
255167055
255166757
255166730
255166531
255166519
255166488
255166259
255166030
255165929
255165696
255165659
255165588
255165534
255165506
255165497
255165441
255165306
255165164
255165076
255164772
255164721
255164565
255164503
255164489
255164379
255164222
255163917
255163839
255163709
255163498
255163439
255163414
255163356
255163258
255163197
255163136
255163109
255162899
255162835
255162832
255162706
255162665
255162607
255162533
255162523
255162464
255162356
255162207
255162077
255161959
255161857
255161751
255160891
255160754
255160586
255160447
255160360
255159827
255159049
255159025
255158931
255158753
255157564
255157507
255157308
255157196
255156839
255155593
255155467
255155410
255155224
255155199
255155054
255155013
255154164
255154117
255154056
255154037
255153968
255153816
255153536
255153514
255153265
255153204
255153039
255152914
255149891
255142980
255142888
255142648
255142418
255142201
255141190
255141116
255140506
255140492
255138577
255138172
255138072
255137526
255136813
255136311
255136019
255135964
255135943
255135767
255135616
255135488
255135301
255135204
255134615
255133726
255133633
255133332
255132779
255132519
255132300
255131988
255131910
255131073
255130275
255130203
255129865
255129501
255129087
255128847
255128592
255128315
255127672
255127628
255127215
255127109
255114041
255113999
255113977
255113932
255113645
255113608
255113454
255113403
255113337
255113228
255113108
255113079
255113026
255112969
255112697
255112610
255112547
255112512
255112463
255112110
255111857
255111790
255111721
255111628
255111384
255111044
255110952
255110785
255110733
255110170
255109976
255109951
255109925
255109900
255109830
255109780
255109773
255109660
255109257
255109249
255109226
255109053
255108910
255108898
255108888
255108773
255108687
255108593
255108433
255108228
255108136
255108052
255107766
255107681
255107668
255107597
255107438
255107353
255107315
255107202
255107002
255106902
255106569
255105886
255105471
255105464
255105433
255105410
255105281
255105100
255105016
255104997
255104973
255104972
255104744
255104622
255104176
255104039
255103981
255103931
255103876
255103871
255103752
255103748
255103576
255103548
255103492
255103087
255102826
255102621
255102617
255102452
255102445
255102387
255102357
255102332
255102192
255102037
255102027
255101755
255101691
255101265
255101192
255101056
255100855
255100767
255100614
255100405
255100360
255100333
255100287
255100234
255100108
255100055
255099787
255099676
255099532
255099395
255099306
255099287
255099121
255099064
255098688
255098649
255098599
255098521
255098385
255098294
255098270
255098135
255098067
255097780
255097615
255075899
255075888
255075685
255075652
255075637
255075466
255075322
255075154
255075117
255074986
255074717
255074559
255074526
255074068
255074053
255073925
255073461
255073452
255073319
255073238
255073091
255073069
255073061
255072975
255072969
255072848
255072755
255072689
255072687
255072621
255072150
255072110
255071905
255071794
255071510
255070923
255070822
255070811
255070770
255070719
255070636
255070617
255070540
255070401
255070231
255070215
255070191
255070127
255070065
255069943
255069910
255069785
255069731
255069306
255069294
255069280
255068863
255068732
255068665
255068661
255068591
255068510
255068500
255068488
255068436
255068419
255068298
255068275
255068228
255068199
255068128
255068122
255068049
255067925
255067898
255067778
255067770
255067659
255067627
255067604
255067581
255067555
255067432
255067373
255067297
255067290
255067199
255067116
255067114
255067059
255067001
255066938
255066933
255066932
255066839
255066807
255066784
255066738
255066734
255066574
255066570
255066569
255066561
255066555
255066384
255066276
255066266
255066216
255066048
255065952
255065908
255065803
255065681
255065606
255065577
255065560
255065537
255065508
255065498
255065492
255065458
255065425
255065319
255065293
255065233
255065196
255065186
255065185
255065135
255065122
255065111
255065093
255065089
255065073
255064817
255064518
255064421
255064411
255064305
255064280
255064189
255064144
255064097
255064089
255064057
255064043
255064017
255063939
255063919
255063891
255063884
255063864
255063773
255063710
255063685
255063666
255063535
255063329
255063301
255063296
255062972
255062958
255062904
255062900
255062860
255062773
255062703
255062689
255062683
255062677
255062575
255062506
255062483
255062426
255062410
255062390
255062369
255062347
255062329
255062273
255062264
255062239
255062237
255062218
255062182
255062150
255062148
255062100
255062081
255062042
255061905
255061554
255061409
255061340
255061339
255061336
255061185
255061043
255060952
255060894
255060856
255060836
255060787
255060647
255060613
255060601
255056674
255056627
255055698
255055136
255054015
255053558
255053322
255052549
255051804
255050665
255050063
255044452
255041815
255041522
255040254
255038765
255036238
255032728
255029345
255024675
255023977
255022283
255020230
255017291
255017196
255017186
255017139
255017105
255016954
255016202
255015927
255015866
255015824
255015740
255015636
255015505
255015393
255015236
255015044
255014953
255014941
255014846
255014650
255014568
255014480
255014333
255014198
255014169
255014096
255014062
255014031
255013922
255013841
255013561
255013480
255013470
255013326
255013241
255013059
255012980
255012973
255012620
255012511
255012433
255012109
255012025
255011936
255011887
255011658
255011544
255011112
255011111
255010953
255010931
255010929
255010885
255010776
255010691
255010210
255010194
255010008
255009809
255009082
255008968
255008943
255008926
255008661
255008576
255008358
255008044
255007967
255007933
255007794
255007764
255007740
255007669
255007515
255007387
255007374
255007318
255007287
255007151
255006880
255006865
255006735
255006656
255006609
255006491
255006417
255006354
255006158
255006052
255005966
255005706
255005694
255005637
255005477
255005429
255005424
255005372
255005256
255005020
255004687
255004658
255004556
255004431
255004390
255004142
255003861
255003821
255003791
255003417
255003392
255003232
255003229
255003027
255002956
255002915
255002781
255002738
255002715
255002709
255002429
255002147
255002079
255001787
255001714
255001609
255001485
255001309
255001123
255001082
255001032
255000926
255000824
255000767
255000683
254993637
254992857
254992744
254992669
254992499
254992461
254992068
254992017
254992007
254992006
254991885
254991743
254991573
254991522
254991458
254991245
254990802
254990678
254990604
254990460
254989818
254989811
254989733
254989494
254989462
254989393
254989367
254989158
254988424
254988286
254988151
254988139
254988101
254987891
254987762
254987596
254987396
254987213
254986979
254986872
254986671
254986403
254985873
254985820
254985782
254985711
254985454
254985413
254985238
254984947
254984698
254984653
254984389
254984022
254983728
254983665
254983612
254983582
254983474
254983345
254983310
254983289
254983256
254983172
254983041
254982997
254982580
254982574
254982567
254982433
254982389
254982154
254982124
254981980
254981852
254981754
254981212
254981177
254980926
254980908
254980471
254979900
254979871
254979781
254979528
254979055
254979030
254979009
254978689
254978577
254978300
254978148
254978146
254977974
254977877
254977684
254977596
254977595
254977484
254977477
254977412
254977168
254977135
254976966
254976930
254976801
254960696
254960200
254959280
254959185
254958536
254955787
254955645
254952959
254952846
254952682
254951187
254949857
254948876
254948562
254948432
254948394
254948241
254948089
254948088
254947961
254947904
254947645
254947474
254947159
254947036
254947026
254946824
254946796
254946751
254946489
254946413
254946399
254946381
254946369
254946335
254946322
254946273
254946144
254946046
254945990
254945908
254945895
254945693
254945617
254945591
254945556
254945307
254945250
254945214
254944954
254944910
254944893
254944662
254944578
254944422
254944323
254944297
254944267
254944174
254944172
254944041
254944016
254944004
254943946
254943782
254943710
254943552
254943463
254943455
254943342
254943335
254943309
254943277
254943266
254943238
254943237
254943222
254943160
254943037
254942971
254942741
254942737
254942293
254942276
254942267
254942256
254941890
254941730
254941585
254941576
254941513
254941465
254941380
254941154
254941091
254941084
254941070
254941041
254941009
254940973
254940969
254940928
254940923
254940917
254940529
254940526
254940412
254940337
254940166
254940037
254939827
254939766
254939705
254939636
254939622
254939543
254939420
254939375
254939203
254938880
254938870
254938843
254938796
254938776
254938446
254938382
254938325
254938123
254938061
254938050
254937850
254937815
254937797
254937793
254937734
254937646
254937546
254937495
254937449
254937426
254937238
254937040
254936977
254936922
254936857
254936842
254936593
254936489
254936427
254936416
254936414
254936311
254936309
254936098
254935992
254935986
254935899
254935888
254935866
254935756
254935725
254935719
254935611
254935601
254935579
254935363
254935350
254935280
254935195
254935036
254934904
254934835
254934734
254934683
254934669
254934543
254934500
254934446
254934361
254934314
254934272
254934206
254933899
254933864
254933814
254933728
254933641
254933540
254933451
254933421
254933350
254933237
254933194
254933161
254933030
254933011
254932986
254932978
254932925
254932634
254932608
254932518
254932456
254932324
254932260
254932126
254932085
254926705
254899547
254899311
254899278
254899132
254899110
254899030
254899022
254898831
254898759
254898672
254898393
254898186
254898183
254898074
254897891
254897882
254897792
254896965
254896841
254896746
254896698
254895941
254895851
254895833
254894900
254894649
254894508
254894274
254894190
254894178
254894051
254893806
254893680
254893549
254893268
254893077
254893072
254892960
254892833
254892499
254892243
254892214
254892114
254892018
254891718
254891671
254891260
254891173
254891115
254891101
254890933
254890879
254890749
254890720
254890447
254890305
254889605
254889474
254889034
254888887
254888696
254888575
254888463
254888312
254887905
254887876
254887827
254887823
254887580
254887422
254887198
254887194
254887102
254886049
254885828
254885741
254885700
254884624
254884482
254873779
254873739
254873524
254873453
254873269
254873185
254873112
254872999
254872718
254872486
254872357
254872132
254871871
254871723
254871396
254870471
254870153
254869765
254869517
254868182
254867925
254867651
254867580
254867552
254867520
254867284
254866727
254866214
254865949
254865657
254865536
254865521
254865420
254865352
254865229
254865151
254864843
254864797
254863871
254863870
254863568
254863102
254862592
254861537
254861357
254861289
254861283
254861009
254860967
254860939
254860881
254860860
254860796
254860608
254860568
254860550
254860253
254860166
254859944
254859806
254859616
254859558
254859334
254859263
254859145
254859111
254859089
254858983
254858778
254858770
254858502
254858347
254858293
254858267
254858118
254857888
254857885
254857566
254857528
254857438
254857162
254856968
254856689
254856646
254856443
254856141
254854659
254842016
254841324
254841252
254840970
254840739
254840712
254840546
254840341
254840273
254839954
254839879
254839867
254839852
254839814
254839573
254839517
254839513
254839088
254838758
254838653
254838472
254838375
254837941
254837863
254837494
254837428
254837259
254837225
254837053
254836690
254836270
254836106
254835953
254835827
254835792
254835553
254835473
254835297
254835115
254834935
254834812
254833497
254833478
254833263
254833154
254832076
254831878
254830449
254830395
254829738
254829699
254828690
254828683
254828318
254827565
254827384
254827272
254827032
254826281
254825533
254807542
254801473
254801066
254800701
254800561
254800526
254800514
254800512
254800281
254800114
254800087
254799814
254799809
254799776
254799768
254799693
254799527
254799021
254798943
254798939
254798891
254798786
254798713
254798396
254798153
254798099
254798065
254797988
254797925
254797626
254797486
254797324
254797270
254797015
254796866
254796788
254796732
254796545
254796519
254796457
254796253
254796167
254796088
254796044
254796038
254795883
254795800
254795743
254795672
254795593
254795131
254795111
254794996
254794442
254794160
254794153
254794105
254794037
254794020
254793902
254793514
254793280
254793211
254792671
254792495
254792386
254792329
254792322
254792247
254791830
254791803
254791521
254791202
254790699
254789978
254789851
254789830
254789650
254789504
254788688
254788567
254787471
254787244
254787190
254787129
254787109
254787103
254786870
254786854
254786410
254786191
254754166
254754064
254753852
254753793
254753743
254753698
254753250
254753049
254753010
254752957
254752665
254752193
254752145
254752084
254752079
254751976
254751954
254751884
254751697
254751542
254751368
254751250
254751244
254750727
254750580
254749993
254749957
254749944
254749889
254749629
254749488
254749373
254749190
254749188
254748994
254748846
254748827
254748590
254748531
254748270
254748174
254748040
254747994
254747942
254747879
254747774
254747732
254747248
254746960
254746674
254746495
254746312
254746310
254746246
254745821
254745752
254745659
254745545
254745415
254745341
254745235
254745179
254745110
254744963
254744926
254744809
254744698
254744626
254744450
254744170
254743908
254743888
254743874
254743781
254743718
254743598
254743566
254743421
254743220
254743058
254742857
254742841
254742818
254742720
254742648
254742411
254742126
254741926
254741891
254741782
254741780
254741752
254741591
254741416
254741350
254741164
254741137
254741131
254740961
254740848
254740796
254740609
254740509
254740318
254740236
254740214
254740178
254739968
254739838
254739791
254739669
254739586
254739264
254739207
254739099
254739096
254739084
254738978
254738799
254738575
254738562
254738554
254738508
254738413
254738403
254738341
254738290
254728562
