255319801
255319759
255319643
255319320
255319192
255318801
255318224
255318171
255317820
255317628
255317100
255316885
255316317
255316246
255315853
255315480
255315230
255314893
255314688
255314597
255314410
255314015
255313819
255313797
255313228
255313115
255313104
255312729
255312024
255311973
255311726
255311716
255311053
255310992
255310816
255309980
255309742
255309384
255309312
255309300
255308880
255308832
255308724
255308602
255308576
255308517
255308317
255307728
255307646
255307466
255307463
255307103
255307091
255307036
255306797
255306655
255305818
255305375
255305250
255305189
255305157
255305007
255304996
255304575
255304524
255304445
255304402
255304291
255303708
255298943
255297129
255292968
255291141
255289310
255289092
255288831
255287580
255287265
255286046
255285661
255284945
255283550
255282485
255281186
255281092
255280477
255280422
255280409
255279968
255279909
255279183
255278920
255278068
255277801
255277768
255276523
255276267
255275911
255275773
255275038
255274887
255274877
255274558
255274365
255274350
255274002
255273289
255273144
255272794
255272537
255272418
255272260
255271997
255270115
255269178
255268958
255268928
255262861
255262762
255262319
255262000
255261746
255261708
255261350
255261204
255261181
255260101
255259754
255259549
255258539
255257872
255257521
255257474
255257398
255257092
255256134
255256101
255255798
255255768
255254519
255254317
255253810
255253700
255253575
255253165
255252895
255251602
255251544
255249859
255249609
255248858
255248596
255248128
255247255
255246896
255246621
255246408
255246026
255245169
255244250
255244125
255244053
255243952
255230880
255222924
255222695
255222495
255222162
255221885
255221837
255221688
255220649
255220395
255219538
255219270
255218386
255218219
255217846
255217359
255217025
255216784
255216621
255215046
255215010
255214633
255214623
255213999
255213799
255213200
255212875
255211782
255211766
255210498
255210172
255209941
255209643
255208361
255207084
255206916
255206790
255206517
255206292
255205728
255204904
255204898
255202382
255201978
255201706
255200550
255199978
255198987
255194568
255191830
255189935
255169068
255168776
255168758
255168653
255168423
255168406
255168388
255168380
255168374
255168316
255168170
255168111
255168103
255167988
255167866
255167850
255167804
255167792
255167568
255167290
255167279
255167045
255167010
255166910
255166854
255166758
255166738
255166712
255166665
255166644
255166635
255166512
255166504
255166465
255166351
255166312
255166304
255166136
255166074
255166058
255165965
255165925
255165897
255165867
255165821
255165774
255165656
255165613
255165612
255165536
255165520
255165442
255165341
255165339
255165253
255165204
255165065
255164791
255164211
255164160
255163933
255163768
255163736
255163713
255163118
255163104
255162911
255162893
255162222
255162105
255162054
255162052
255161985
255161879
255161694
255160751
255160643
255160487
255160153
255159270
255158928
255158923
255158905
255158854
255158810
255158737
255158657
255158544
255157551
255157431
255157363
255157274
255157247
255157217
255157202
255157077
255156820
255156078
255155871
255155631
255155524
255155522
255155512
255155336
255155223
255155194
255154189
255154150
255154109
255153834
255153831
255153551
255153540
255153490
255153385
255143533
255143186
255143161
255143039
255142394
255141961
255141904
255141895
255141726
255141436
255140825
255140181
255140031
255139176
255138782
255138614
255138119
255137612
255137590
255135497
255135308
255135273
255134701
255134487
255134178
255133260
255133070
255132353
255132129
255132104
255131924
255131591
255130543
255130428
255130313
255129815
255129299
255129271
255128933
255127538
255127307
255127305
255127119
255126970
255125354
255113731
255113510
255113426
255113189
255113078
255112779
255112737
255112608
255112474
255112388
255111878
255111812
255111770
255111740
255111725
255111610
255111510
255110941
255110829
255110794
255110540
255110463
255110421
255110219
255110125
255110104
255109640
255109545
255109342
255109037
255109002
255108885
255108872
255108708
255108667
255108532
255108373
255108365
255108207
255107969
255107938
255107764
255107744
255107655
255107527
255106981
255106735
255106622
255106462
255106310
255105968
255105859
255105766
255105587
255105569
255105279
255105142
255105110
255105059
255104904
255104704
255104450
255104364
255104250
255104205
255104137
255104075
255104031
255103648
255103567
255103530
255103251
255103239
255103223
255103191
255103115
255103025
255102820
255102740
255102614
255102252
255102000
255101726
255101499
255101429
255101392
255101373
255101255
255101167
255101148
255101140
255101000
255100908
255100779
255100459
255100170
255100084
255099617
255099413
255099404
255099029
255098917
255098839
255098771
255098715
255098032
255097928
255097846
255097647
255075799
255075597
255075403
255075366
255075085
255074868
255074847
255074834
255074323
255074215
255073922
255073865
255073717
255073560
255073184
255073040
255072887
255072340
255072209
255072183
255072140
255072127
255072108
255072032
255071850
255071784
255071742
255071615
255071382
255071194
255071178
255070890
255070739
255070637
255070169
255070143
255070068
255069779
255069755
255069647
255069604
255069602
255069597
255069537
255069328
255069249
255069154
255068802
255068611
255068601
255068599
255068556
255068456
255068358
255068194
255068184
255068149
255068065
255068063
255067942
255067619
255067543
255067399
255067122
255067121
255067095
255067091
255067008
255066959
255066797
255066773
255066598
255066583
255066539
255065851
255065628
255065579
255065527
255065499
255065366
255065279
255065267
255065248
255065235
255065152
255064574
255064541
255064393
255064379
255064243
255064096
255064062
255064024
255063962
255063936
255063819
255063662
255063588
255063467
255063454
255063430
255063376
255063291
255063282
255063229
255063134
255062941
255062725
255062714
255062341
255062319
255062210
255062151
255062090
255062023
255061837
255061793
255061770
255061752
255061748
255061707
255061520
255061462
255061395
255061301
255061088
255060940
255060931
255060866
255060845
255060765
255060723
255060721
255060621
255060573
255056870
255056455
255055973
255055124
255055016
255054388
255053831
255053436
255051727
255050938
255050726
255050524
255045478
255043751
255039346
255035410
255031113
255030686
255028954
255026656
255024837
255021001
255020457
255019604
255019529
255017240
255017199
255017010
255016940
255016842
255016248
255015928
255015781
255015751
255015699
255014685
255014324
255014294
255013855
255013718
255013633
255013303
255013066
255012961
255012949
255012835
255012572
255012286
255012054
255011381
255011335
255010687
255010422
255010255
255010252
255010247
255010142
255009938
255009543
255009210
255009009
255008931
255008849
255008756
255008751
255008722
255008627
255008599
255008423
255008374
255008311
255008197
255008123
255007846
255007833
255007511
255007441
255007212
255007203
255007110
255007069
255006769
255006612
255006322
255006273
255006049
255005853
255005821
255005729
255005697
255005534
255005510
255005242
255005202
255005190
255005173
255005041
255004987
255004888
255004884
255004875
255004757
255004724
255004680
255004349
255003504
255003467
255003401
255003313
255003032
255002817
255002666
255002567
255002462
255002435
255002343
255002333
255002127
255002058
255002044
255001748
255001628
255001586
255001434
255001254
255001168
255001072
255000839
254992893
254992765
254992699
254992612
254992513
254992460
254992444
254992361
254992289
254991733
254991496
254990914
254990891
254990819
254990790
254990785
254990593
254990570
254990337
254990330
254990226
254990099
254989974
254989746
254989745
254989698
254989695
254989642
254989445
254989408
254989205
254989052
254989045
254989040
254988867
254988759
254988644
254988597
254988517
254988358
254988188
254987532
254987498
254987406
254987362
254987175
254986827
254986766
254986524
254986116
254985886
254985825
254985560
254985384
254985211
254985131
254985059
254985039
254984581
254984550
254984519
254984427
254984372
254983974
254983636
254983459
254983231
254983123
254982912
254982815
254982707
254982671
254982477
254981661
254981376
254981324
254981310
254981023
254980944
254980925
254980833
254980053
254980034
254979968
254979818
254979712
254979253
254978306
254978057
254977882
254977543
254977541
254977474
254977362
254977310
254977258
254977231
254977025
254974598
254974596
254948405
254948194
254948082
254947897
254947744
254947735
254947643
254947562
254947394
254947241
254947082
254946943
254946905
254946899
254946720
254946283
254946272
254946224
254946202
254945761
254945722
254945651
254945601
254945500
254945450
254945357
254945341
254945279
254945222
254945182
254945133
254945112
254944750
254944721
254944599
254944510
254944440
254944387
254944289
254944013
254943941
254943716
254943630
254943393
254943354
254943334
254943188
254943181
254943111
254943088
254942993
254942983
254942769
254942564
254942357
254942341
254942238
254942170
254942169
254942138
254942006
254941896
254941812
254941750
254941457
254941314
254941309
254941290
254941195
254941021
254940797
254940623
254940601
254940456
254940431
254940297
254940275
254940274
254940257
254940241
254940187
254940147
254940078
254940065
254939988
254939748
254939668
254939657
254939547
254939485
254939342
254939096
254938990
254938860
254938767
254938668
254938586
254938582
254938506
254938481
254938477
254938379
254938316
254937929
254937715
254937657
254937400
254937348
254936910
254936753
254936303
254936072
254935838
254935747
254935523
254935420
254935308
254935288
254935094
254934736
254934601
254934332
254933946
254933831
254933819
254933815
254933617
254933525
254933140
254933002
254932957
254932931
254932918
254932893
254932857
254932536
254932465
254932375
254932216
254932032
254899491
254899381
254899251
254899236
254899195
254899104
254898940
254898662
254898540
254898384
254898119
254898110
254897560
254897191
254897164
254897096
254897019
254896728
254896715
254896397
254895943
254894862
254894317
254894316
254894019
254893360
254893328
254893018
254892501
254892320
254892009
254891905
254891853
254891812
254891373
254891288
254891123
254891012
254890927
254890547
254890113
254890002
254889487
254889331
254889251
254888838
254888833
254888760
254888699
254888086
254887825
254887566
254887482
254887320
254887212
254886693
254886456
254886420
254886256
254886225
254886028
254885970
254885871
254885757
254885750
254884573
254884319
254883625
254877766
254873655
254873627
254873499
254873303
254873255
254873164
254872354
254871688
254870939
254870622
254870436
254870173
254869889
254869430
254868375
254868059
254868053
254866945
254866413
254866338
254866195
254866184
254866159
254866097
254866066
254865865
254865864
254865743
254865355
254865194
254865185
254864754
254864677
254864097
254864016
254863949
254863705
254863507
254863398
254863397
254863227
254863172
254862624
254861995
254861937
254861303
254861290
254861215
254860990
254860922
254860477
254860299
254860042
254859672
254859442
254859037
254858790
254858782
254858510
254858114
254858080
254857899
254857887
254857693
254857111
254856988
254856711
254856653
254856562
254856271
254856221
254856097
254842067
254841997
254841946
254841298
254841145
254841139
254841105
254841060
254840146
254839713
254839673
254839623
254839384
254838971
254838360
254838005
254837431
254836943
254836560
254835738
254835202
254834747
254834571
254834541
254834148
254833745
254833494
254832939
254832884
254832515
254832457
254832438
254831909
254831824
254831230
254831212
254831101
254830732
254830064
254830017
254828769
254828461
254827813
254827250
254826750
254826094
254825731
254823621
254823350
254801103
254800950
254800926
254800812
254800706
254800593
254800473
254800467
254800256
254800118
254799986
254799935
254798973
254798831
254798308
254797944
254797831
254797785
254797654
254797445
254796992
254796760
254796233
254796169
254795752
254795732
254795610
254795473
254795416
254795379
254795373
254794893
254794860
254794846
254794818
254794801
254794258
254794252
254794143
254794086
254793998
254793835
254793792
254793621
254793247
254793039
254793037
254792834
254792741
254792303
254792008
254791443
254791207
254791110
254790922
254790911
254790285
254790274
254790165
254789950
254789624
254788810
254788653
254788641
254788573
254788367
254788316
254788218
254788104
254787930
254787786
254787695
254787374
254787067
254786874
254786794
254786529
254754300
254754286
254754167
254754135
254754104
254753897
254753891
254753795
254753699
254753593
254753580
254753530
254753520
254753346
254753223
254753043
254753032
254752984
254752980
254752941
254752777
254752700
254752567
254752537
254752398
254752232
254752199
254752016
254751965
254751845
254751835
254751630
254751458
254751387
254751202
254751064
254751048
254750954
254750710
254750376
254750016
254750007
254749999
254749950
254749887
254749835
254749785
254749311
254749304
254749116
254749004
254748653
254748650
254748640
254748400
254748395
254748369
254748359
254748110
254747873
254747711
254747638
254747523
254747446
254747429
254747362
254747216
254747185
254747020
254746819
254746815
254746550
254746135
254746114
254745702
254745701
254745669
254745433
254745401
254745214
254744911
254744778
254744737
254744684
254744510
254744359
254744267
254744154
254743985
254743954
254743934
254743890
254743840
254743763
254743740
254743701
254743604
254743424
254743399
254743318
254743266
254743257
254743183
254743048
254743037
254742829
254742655
254742647
254742519
254742402
254742331
254742298
254742237
254742140
254742065
254742035
254741791
254741580
254741551
254741530
254741476
254741380
254741311
254741303
254741287
254741104
254741070
254740942
254740857
254740511
254740498
254740395
254740386
254740369
254740327
254740314
254740204
254739974
254739931
254739924
254739772
254739737
254739716
254739653
254739638
254739592
254739576
254739481
254739430
254739373
254739338
254739278
254739070
254739039
254738984
254738918
254738461
254738441
254738438
254738406
254738400
254738397
254738266
254736549
254729200
254729144
254728927
254727816
254727626
254725449
254725057
254724471
254723845
254723436
254723138
